15
GerbangDepanITB -6.8932133744187505 107.61044212570688
GerbangDaysumITB -6.887397321822254 107.61146990240869
SimpangBonbin -6.893881521087048 107.60844773085253
SimpangDago -6.885223470684316 107.61368899017947
SimpangBorromeus -6.893769608067117 107.61297018362949
SimpangCiungwanara -6.893602175696701, 107.61194080921429
SimpangDaysum -6.887403235761938 107.61356230552272
SimpangDaysumDago -6.887390161972454 107.61356928659616
BelokanBonbinSBM -6.887897127386889 107.60825836198674
SimpangTamansariGanyang -6.894898626762222 107.6088354979589
KantinGanyang -6.894795820919279 107.61040562750797
SimpangCiungwanaraGanyang -6.894750828889471 107.6117228492062
SimpangPelesiran -6.896862261756674 107.60965599692821
PDAMTirtawening -6.896613657179255 107.61054014180957
SimpangCiungwanaraBadakSinga -6.8976675030627685 107.61148299891029
0  0  1  0  0  1  0  0  0  0  0  0  0  0  0
0  0  0  1  0  0  1  0  1  0  0  0  0  0  0
1  0  0  0  0  0  0  0  1  1  0  0  0  0  0
0  0  0  0  0  0  1  1  0  0  0  0  0  0  0
0  0  0  0  0  1  0  1  0  0  0  0  0  0  0
1  0  0  0  1  0  0  0  0  0  0  1  0  0  0
0  1  0  1  0  0  0  1  0  0  0  0  0  0  0
0  0  0  1  1  0  1  0  0  0  0  0  0  0  0
0  1  1  0  0  0  0  0  0  0  0  0  0  0  0
0  0  1  0  0  0  0  0  0  0  1  0  1  0  0
0  0  0  0  0  0  0  0  0  1  0  1  0  0  0
0  0  0  0  0  1  0  0  0  0  1  0  0  0  1
0  0  0  0  0  0  0  0  0  1  0  0  0  1  0
0  0  0  0  0  0  0  0  0  0  0  0  1  0  1
0  0  0  0  0  0  0  0  0  0  0  1  0  1  0