13
SmpgAlunAlunBRI -6.921252168327341 107.60774492081428
SmpgAlunAlunPendopo -6.922574225785856 107.6075847615789
SmpgAlunAlunDalemKaum -6.92238751228416 107.6063652097867
SmpgKepatihanDewiSatrika -6.923447476977291 107.60630338474536
SmpgKepatihanKarangAnyar -6.923120258856476 107.60390660780551
SmpgCibadakDalemKaum -6.922097684596873 107.60401271422603
SmpgJSudirmanAsiaAfrika -6.92083173314835 107.60408157258428
SmpgAsiaAfrikaBraga -6.921506166599615 107.60981619288029 
SmpgBragaNaripan -6.919702954233687 107.60996122486874
SmpgBanceuyABC -6.9189599130003705 107.60665694022833
SmpgABCOttoIskandarDinata -6.918299099834981 107.60428165497396
SmpgAsiaAfrikaTamblong -6.9230655011708855 107.61184851502033
SmpgDalemKaumLengkongKecil -6.9230655011708855 107.61184851502033
0  1  0  0  0  0  0  1  0  0  1  0  0
0  0  1  0  0  0  0  0  0  0  0  0  1
0  1  0  1  0  1  0  0  0  0  0  0  0
0  0  1  0  1  0  0  0  0  0  0  0  0
0  0  0  1  0  1  0  0  0  0  0  0  0
0  0  1  0  1  0  1  0  0  0  0  0  0
1  0  0  0  0  1  0  0  0  0  1  0  0
1  0  0  0  0  0  0  0  1  0  0  1  0
0  0  0  0  0  0  0  1  0  1  0  0  0
0  0  0  0  0  0  0  0  1  0  1  0  0
0  0  0  0  0  0  1  0  0  1  0  0  0
0  0  0  0  0  0  0  1  0  0  0  0  1
0  1  0  0  0  0  0  0  0  0  0  1  0                     
