10
MetroIndahMall -6.9400075995144705 107.65885487749868
SmpgSoettaRancabolang -6.9391067971791385 107.66386855584571
RSIAHumanaPrima -6.940808442782671 107.66375537150235
SmpgSDNRancabolang -6.950054571142093 107.66222472036802
SmpgRancabolangCiwastra -6.959009869645997 107.6598137945495
SmpgMargacintaIAdjie -6.954091691352396 107.64021230438665
SmpgSamsatBandungTimur -6.945481160335872 107.64188343866806
EdelweissHospital -6.943042881553332 107.64962154398019
PerumahanKiaraSariAsli -6.948699754349106 107.64600172123097
PerumahanMargahayuRaya -6.947389089198867 107.6586338593822
0  1  0  0  0  0  1  0  0  0
1  0  1  0  0  0  0  0  0  0
0  1  0  1  0  0  0  0  0  1
0  0  1  0  1  0  0  0  0  0
0  0  0  1  0  1  0  0  0  0
0  0  0  0  1  0  1  0  0  0
0  0  0  0  0  1  0  1  0  0
1  0  0  0  0  0  1  0  1  0
0  0  0  0  0  0  0  1  0  0
0  0  1  0  0  0  0  0  0  0