9
GerbangDepanITB -6.8932133744187505 107.61044212570688
GerbangDaysumITB -6.887397321822254 107.61146990240869
SimpangBonbin -6.893881521087048, 107.60844773085253
SimpangDago -6.885223470684316, 107.61368899017947
SimpangBorromeus -6.893769608067117 107.61297018362949
SimpangDaysum -6.887403235761938, 107.61356230552272
Bogor 8,0 1,0
Depok -4,0 -2,0
Jatinangor -1,0 1,0
0  1  0  1  0  0  0  0  1
1  0  0  0  0  0  0  1  0
0  0  0  1  0  1  0  1  0
1  0  1  0  1  0  0  0  0
0  0  0  1  0  0  0  0  1
0  0  1  0  0  0  1  0  0
0  0  0  0  0  1  0  0  0
0  1  1  0  0  0  0  0  0
1  0  0  0  1  0  0  0  0