8
Bandar_Lampung -5.400751818589118 105.26367243509051
Palembang -2.9867973504530827 104.78161495594124
Bengkulu -3.7803862991908717 102.266354439598
Jambi -1.6051745628333463 103.60967504396503
Pekanbaru 0.5113643299197684 101.44086258856557
Padang -0.9515609756387432 100.35786398888106
Medan 3.5930914725778407 98.67251477209918
Banda_Aceh 5.549880204233839, 95.3251422765239
0  1  0  0  0  0  0  0
1  0  1  1  0  0  0  0
0  1  0  0  0  1  0  0
0  1  0  0  1  0  0  0
0  0  0  1  0  1  1  0
0  0  1  0  1  0  0  0
0  0  0  0  1  0  0  1
0  0  0  0  0  0  1  0

